119
115
107
95
75
43
118
34
25
59
84
16
100
116
89
78
40
118
31
22
53
75
1
76
77
26
103
2
105
107
85
65
23
88
111
72
56
1
57
58
115
46
34
80
114
67
54
121
48
42
90
5
95
100
68
41
109
23
5
28
33
61
94
28
122
23
18
41
59
100
32
5
37
42
79
121
73
67
13
80
93
46
12
58
70
1
71
72
16
88
104
65
42
107
22
2
24
26
50
76
126
75
74
22
96
118
87
78
38
116
27
16
43
59
102
34
9
43
52
95
20
115
8
123
4
0
4
4
8
12
20
32
52
84
9
93
102
68
43
111
27
11
38
49
87
9
96
105
74
52
126
51
50
101
24
125
22
20
42
62
104
39
16
55
71
126
70
69
12
81
93
47
13
60
73
6
79
85
37
122
32
27
59
86
18
104
122
99
94
66
33
99
5
104
109
86
68
27
95
122
90
85
48
6
54
60
114
47
34
81
115
69
57
126
56
55
111
39
23
62
85
20
105
125
103
101
77
51
1
52
53
105
31
9
40
49
89
11
100
111
84
68
25
93
118
84
75
32
107
12
119
4
123
0
123
123
119
115
107
95
75
43
118
34
25
59
84
16
100
116
89
78
40
118
31
22
53
75
1
76
77
26
103
2
105
107
85
65
23
88
111
72
56
1
57
58
115
46
34
80
114
67
54
121
48
42
90
5
95
100
68
41
109
23
5
28
33
61
94
28
122
23
18
41
59
100
32
5
37
42
79
121
73
67
13
80
93
46
12
58
70
1
71
72
16
88
104
65
42
107
22
2
24
26
50
76
126
75
74
22
96
118
87
78
38
116
27
16
43
59
102
34
9
43
52
95
20
115
8
123
4
0
4
4
8
12
20
32
52
84
9
93
102
68
43
111
27
11
38
49
87
9
96
105
74
52
126
51
50
101
24
125
22
20
42
62
104
39
16
55
71
126
70
69
12
81
93
47
13
60
73
6
79
85
37
122
32
27
59
86
18
104
122
99
94
66
33
99
5
104
109
86
68
27
95
122
90
85
48
6
54
60
114
47
34
81
115
69
57
126
56
55
111
39
23
62
85
20
105
125
103
101
77
51
1
52
53
105
31
9
40
49
89
11
100
111
84
68
25
93
118
84
75
32
107
12
119
4
123
0
123
123
119
115
107
95
75
43
118
34
25
59
84
16
100
116
89
78
40
118
31
22
53
75
1
76
77
26
103
2
105
107
85
65
23
88
111
72
56
1
57
58
115
46
34
80
114
67
54
121
48
42
90
5
95
100
68
41
109
23
5
28
33
61
94
28
122
23
18
41
59
100
32
5
37
42
79
121
73
67
13
80
93
46
12
58
70
1
71
72
16
88
104
65
42
107
22
2
24
26
50
76
126
75
74
22
96
118
87
78
38
116
27
16
43
59
102
34
9
43
52
95
20
115
8
123
4
0
4
4
8
12
20
32
52
84
9
93
102
68
43
111
27
11
38
49
87
9
96
105
74
52
126
51
50
101
24
125
22
20
42
62
104
39
16
55
71
126
70
69
12
81
93
47
13
60
73
6
79
85
37
122
32
27
59
86
18
104
122
99
94
66
33
99
5
104
109
86
68
27
95
122
90
85
48
6
54
60
114
47
34
81
115
69
57
126
56
55
111
39
23
62
85
20
105
125
103
101
77
51
1
52
53
105
31
9
40
49
89
11
100
111
84
68
25
93
118
84
75
32
107
12
119
4
123
0
123
123
119
115
107
95
75
43
118
34
25
59
84
16
100
116
89
78
40
118
31
22
53
75
1
76
77
26
103
2
105
107
85
65
23
88
111
72
56
1
57
58
115
46
34
80
114
67
54
121
48
42
90
5
95
100
68
41
109
23
5
28
33
61
94
28
122
23
18
41
59
100
32
5
37
42
79
121
73
67
13
80
93
46
12
58
70
1
71
72
16
88
104
65
42
107
22
2
24
26
50
76
126
75
74
22
96
118
87
78
38
116
27
16
43
59
102
34
9
43
52
95
20
115
8
123
4
0
4
4
8
12
20
32
52
84
9
93
102
68
43
111
27
11
38
49
87
9
96
105
74
52
126
51
50
101
24
125
22
20
42
62
104
39
16
55
71
126
70
69
12
81
93
47
13
60
73
6
79
85
37
122
32
27
59
86
18
104
122
99
94
66
33
99
5
104
109
86
68
27
95
122
90
85
48
6
54
60
114
47
34
81
115
69
57
126
56
55
111
39
23
62
85
20
105
125
103
101
77
51
1
52
53
105
