107
27
8
40
73
111
47
108
32
33
38
63
61
51
1
5
25
125
117
77
4
20
100
119
87
54
16
80
19
95
94
89
64
66
76
126
122
102
2
10
50
123
107
27
8
40
73
111
47
108
32
33
38
63
61
51
1
5
25
125
117
77
4
20
100
119
87
54
16
80
19
95
94
89
64
66
76
126
122
102
2
10
50
123
107
27
8
40
73
111
47
108
32
33
38
63
61
51
1
5
25
125
117
77
4
20
100
119
87
54
16
80
19
95
94
89
64
66
76
126
122
102
2
10
50
123
107
27
8
40
73
111
47
108
32
33
38
63
61
51
1
5
25
125
117
77
4
20
100
119
87
54
16
80
19
95
94
89
64
66
76
126
122
102
2
10
50
123
107
27
8
40
73
111
47
108
32
33
38
63
61
51
1
5
25
125
117
77
4
20
100
119
87
54
16
80
19
95
94
89
64
66
76
126
122
102
2
10
50
123
107
27
8
40
73
111
47
108
32
33
38
63
61
51
1
5
25
125
117
77
4
20
100
119
87
54
16
80
19
95
94
89
64
66
76
126
122
102
2
10
50
123
107
27
8
40
73
111
47
108
32
33
38
63
61
51
1
5
25
125
117
77
4
20
100
119
87
54
16
80
19
95
94
89
64
66
76
126
122
102
2
10
50
123
107
27
8
40
73
111
47
108
32
33
38
63
61
51
1
5
25
125
117
77
4
20
100
119
87
54
16
80
19
95
94
89
64
66
76
126
122
102
2
10
50
123
107
27
8
40
73
111
47
108
32
33
38
63
61
51
1
5
25
125
117
77
4
20
100
119
87
54
16
80
19
95
94
89
64
66
76
126
122
102
2
10
50
123
107
27
8
40
73
111
47
108
32
33
38
63
61
51
1
5
25
125
117
77
4
20
100
119
87
54
16
80
19
95
94
89
64
66
76
126
122
102
2
10
50
123
107
27
8
40
73
111
47
108
32
33
38
63
61
51
1
5
25
125
117
77
4
20
100
119
87
54
16
80
19
95
94
89
64
66
76
126
122
102
2
10
50
123
107
27
8
40
73
111
47
108
32
33
38
63
61
51
1
5
25
125
117
77
4
20
100
119
87
54
16
80
19
95
94
89
64
66
76
126
122
102
2
10
50
123
107
27
8
40
73
111
47
108
32
33
38
63
61
51
1
5
25
125
117
77
4
20
100
119
87
54
16
80
19
95
94
89
64
66
76
126
122
102
2
10
50
123
107
27
8
40
73
111
47
108
32
33
38
63
61
51
1
5
25
125
117
77
4
20
100
119
87
54
16
80
19
95
94
89
64
66
76
126
122
102
2
10
50
123
107
27
8
40
73
111
47
108
32
33
38
63
61
51
1
5
25
125
117
77
4
20
100
119
87
54
16
80
19
95
94
89
64
66
76
126
122
102
2
10
50
123
107
27
8
40
73
111
47
108
32
33
38
63
61
51
1
5
25
125
117
77
4
20
100
119
87
54
16
80
19
95
94
89
64
66
76
126
122
102
2
10
50
123
107
27
8
40
73
111
47
108
32
33
38
63
61
51
1
5
25
125
117
77
4
20
100
119
87
54
16
80
19
95
94
89
64
66
76
126
122
102
2
10
50
123
107
27
8
40
73
111
47
108
32
33
38
63
61
51
1
5
25
125
117
77
4
20
100
119
87
54
16
80
19
95
94
89
64
66
76
126
122
102
2
10
50
123
107
27
8
40
73
111
47
108
32
33
38
63
61
51
1
5
25
125
117
77
4
20
100
119
87
54
16
80
19
95
94
89
64
66
76
126
122
102
2
10
50
123
107
27
8
40
73
111
47
108
32
33
38
63
61
51
1
5
25
125
117
77
4
20
100
119
87
54
16
80
19
95
94
89
64
66
76
126
122
102
2
10
50
123
107
27
8
40
73
111
47
108
32
33
38
63
61
51
1
5
25
125
117
77
4
20
100
119
87
54
16
80
19
95
94
89
64
66
76
126
122
102
2
10
50
123
107
27
8
40
73
111
47
108
32
33
38
63
61
51
1
5
25
125
117
77
4
20
100
119
87
54
16
80
19
95
94
89
64
66
76
126
122
102
2
10
50
123
107
27
8
40
73
111
47
108
32
33
38
63
61
51
1
5
25
125
117
77
4
20
100
119
87
54
16
80
19
95
94
89
64
66
76
126
122
102
2
10
50
123
107
27
8
40
73
111
47
108
32
33
38
63
61
51
1
5
25
125
117
77
4
20
100
119
87
54
16
80
19
95
94
89
64
66
