88
41
13
20
43
67
49
80
19
124
91
71
61
39
7
119
12
38
15
31
124
35
56
98
33
46
41
82
9
104
88
103
99
28
35
97
62
71
69
105
22
42
109
37
13
42
68
90
77
123
35
80
120
38
83
26
94
23
9
93
63
80
16
36
71
93
125
15
7
53
117
33
61
36
52
8
123
98
41
13
97
124
45
40
2
42
53
55
121
81
85
33
48
118
36
104
35
31
48
114
22
20
59
118
101
58
13
82
76
11
38
103
56
20
114
24
45
82
119
109
118
114
13
124
48
97
90
47
52
117
87
9
105
69
116
45
53
120
115
45
52
119
109
14
125
79
24
28
28
49
28
29
57
76
58
64
5
122
32
41
18
76
125
26
31
70
37
68
59
43
46
109
59
125
79
53
75
56
72
58
69
55
41
29
27
85
112
30
10
9
32
16
52
26
77
76
73
54
72
68
12
94
98
21
38
120
108
78
123
72
43
25
45
56
85
32
40
70
7
97
106
94
80
78
126
103
102
110
19
113
2
45
87
5
60
53
40
68
17
30
95
105
100
126
105
4
30
37
76
53
7
44
0
93
85
3
62
75
55
21
6
16
119
50
94
97
79
5
54
57
64
115
25
85
63
0
84
63
125
77
21
10
57
111
109
116
15
54
126
47
13
84
16
32
27
83
85
122
64
87
40
48
108
68
42
94
98
125
27
54
81
98
65
113
62
48
105
67
36
73
104
64
20
109
81
6
0
104
87
15
79
40
39
94
111
91
77
35
10
57
41
70
9
104
21
82
100
115
27
44
71
38
9
81
43
87
118
113
117
113
114
100
36
28
50
121
79
98
111
18
0
81
16
97
51
100
116
61
121
20
70
70
67
53
96
115
45
45
77
111
61
109
100
42
89
35
1
70
119
75
101
12
79
97
15
77
105
48
31
43
19
87
54
103
57
73
51
22
22
5
48
52
34
92
39
65
58
27
92
9
47
77
37
115
52
1
67
16
92
91
86
57
15
42
95
115
100
126
55
85
8
28
125
76
63
8
50
113
4
29
118
54
53
110
10
50
5
108
18
84
92
82
73
106
100
109
125
124
73
68
43
21
41
32
88
70
7
111
63
90
113
110
84
67
107
96
115
29
76
9
37
97
30
123
0
105
16
97
58
15
114
14
10
126
52
9
60
101
54
25
27
20
123
96
96
89
55
105
59
80
83
77
63
91
35
23
65
89
39
37
32
125
58
62
2
104
61
103
99
36
83
4
99
53
45
30
43
34
55
116
19
94
112
70
78
36
121
83
65
40
80
29
102
86
118
72
3
64
25
9
116
64
86
64
65
88
82
41
61
84
46
99
48
59
114
64
90
98
15
22
24
70
57
96
100
62
20
2
84
24
8
10
68
115
6
78
21
97
66
38
125
40
51
63
52
58
34
72
16
54
92
92
29
96
117
50
75
120
90
39
16
28
101
19
102
108
46
21
95
87
37
2
86
78
78
39
99
78
20
7
34
105
88
105
106
70
23
117
99
99
10
74
77
32
77
78
55
73
49
20
10
70
67
99
118
120
99
5
66
29
23
63
107
20
60
80
0
82
93
51
24
61
112
45
93
126
24
61
118
81
55
122
74
43
30
65
49
18
38
111
69
98
34
114
68
112
103
25
99
80
102
118
55
75
115
35
90
93
3
77
125
101
95
73
61
19
4
101
4
5
34
58
70
124
74
95
78
99
120
77
95
98
77
115
74
60
40
125
70
94
67
53
103
30
43
125
93
90
43
48
93
90
47
72
110
45
38
60
9
119
34
33
112
122
60
55
102
59
80
98
40
95
81
33
105
99
49
24
31
69
41
92
81
28
90
9
42
57
44
55
46
57
68
52
28
83
112
25
117
16
99
10
108
27
113
12
65
80
40
43
113
98
120
29
66
51
35
8
48
114
10
75
8
126
1
94
62
114
88
92
110
94
105
81
17
86
112
80
51
1
115
55
72
112
17
124
58
10
76
40
64
5
85
64
106
85
64
109
103
45
107
1
36
63
120
33
11
102
67
94
55
123
15
70
60
32
97
29
15
114
32
118
12
40
32
6
91
6
7
96
39
73
86
68
44
89
68
62
55
118
18
88
66
53
6
88
10
31
1
84
96
64
92
73
119
1
23
52
54
83
112
22
99
35
101
112
117
71
121
15
117
98
6
87
33
42
72
14
2
34
8
39
65
97
7
99
110
118
87
100
11
13
87
87
77
28
115
52
46
83
112
62
85
78
32
22
124
77
99
102
